3 0.20986238532110094 0.6697247706422018 0.11422018348623855 0.15045871559633034
0 0.08738532110091743 0.5357798165137615 0.1224770642201835 0.11009174311926608
0 0.31169724770642204 0.5311926605504587 0.11697247706422019 0.08256880733944946
2 0.22087155963302757 0.8275229357798166 0.16651376146788993 0.09908256880733944
1 0.21949541284403667 0.6587155963302752 0.40596330275229353 0.5724770642201834
2 0.8201834862385323 0.8761467889908258 0.06055045871559642 0.042201834862385254
3 0.8311926605504587 0.8201834862385323 0.041284403669724634 0.06605504587155993
1 0.8442660550458718 0.8266055045871561 0.14174311926605496 0.2293577981651373
0 0.8793577981651376 0.7981651376146789 0.05504587155963307 0.04036697247706414
0 0.8188073394495413 0.7623853211009174 0.041284403669724835 0.03119266055045884
3 0.801605504587156 0.4311926605504587 0.039908256880734 0.06238532110091746
0 0.7658256880733945 0.4018348623853211 0.04541284403669735 0.03669724770642205
0 0.8394495412844037 0.4055045871559633 0.03302752293577981 0.025688073394495418
1 0.8043577981651375 0.43394495412844036 0.12247706422018367 0.21100917431192662
0 0.7981651376146789 0.10825688073394496 0.0412844036697247 0.03669724770642203
3 0.8263761467889909 0.12568807339449542 0.03165137614678883 0.06788990825688074
1 0.8043577981651375 0.12293577981651378 0.06743119266055046 0.22752293577981653
2 0.17339449541284405 0.1 0.06605504587155965 0.04954128440366972
2 0.4293577981651376 0.21009174311926607 0.057798165137614675 0.045871559633027525
0 0.45756880733944955 0.11376146788990826 0.042660550458715606 0.029357798165137616
0 0.394954128440367 0.10917431192660551 0.03577981651376149 0.02752293577981652
3 0.42247706422018344 0.14587155963302753 0.03302752293577981 0.06422018348623855
1 0.4341743119266055 0.13486238532110092 0.13348623853211009 0.22935779816513763
3 0.17545871559633028 0.04036697247706423 0.037155963302752275 0.044036697247706424
0 0.1396788990825688 0.010091743119266057 0.03165137614678898 0.020183486238532115
0 0.2139908256880734 0.011926605504587155 0.03165137614678898 0.02385321100917431
1 0.18096330275229355 0.09541284403669724 0.11972477064220183 0.19082568807339448
