3 0.18268348623853214 0.5247706422018349 0.02477064220183486 0.047706422018348606
0 0.14655963302752295 0.4853211009174312 0.045412844036697264 0.03486238532110093
2 0.17545871559633028 0.5669724770642202 0.03715596330275231 0.047706422018348675
1 0.1563646788990826 0.534862385321101 0.09392201834862388 0.21100917431192648
1 0.5346330275229358 0.6440366972477064 0.037155963302752254 0.08073394495412849
1 0.8133027522935781 0.7174311926605504 0.1713302752293575 0.28256880733944967
0 0.8205275229357798 0.6440366972477065 0.03922018348623837 0.04036697247706414
0 0.7694380733944953 0.6807339449541284 0.03405963302752303 0.04036697247706411
3 0.7973050458715596 0.7045871559633028 0.03405963302752284 0.06605504587155962
2 0.8071100917431192 0.7724770642201836 0.04541284403669721 0.055045871559632926
