3 0.7165137614678899 0.30275229357798167 0.03486238532110093 0.044036697247706404
3 0.9376146788990823 0.4366972477064222 0.033027522935779624 0.044036697247706265
0 0.6926605504587156 0.28715596330275234 0.03486238532110079 0.023853211009174338
0 0.7422018348623854 0.2963302752293578 0.023853211009174372 0.016513761467889906
0 0.9146788990825688 0.4119266055045872 0.03486238532110093 0.02018348623853214
0 0.9568807339449541 0.42018348623853213 0.023853211009174372 0.018348623853211024
2 0.9247706422018349 0.47889908256880737 0.044036697247706515 0.04403669724770637
2 0.71651376146789 0.34862385321100914 0.05688073394495419 0.03302752293577981
1 0.7073394495412845 0.30825688073394497 0.09724770642201847 0.1724770642201835
1 0.9174311926605506 0.43486238532110094 0.110091743119266 0.18348623853211002
