3 0.6345864392201835 0.36238532110091737 0.0499928325688073 0.05688073394495412
0 0.6861919438073397 0.3330275229357798 0.04676748853211011 0.027522935779816442
0 0.6007203268348624 0.3229357798165137 0.04354214449541296 0.03669724770642201
2 0.632973767201835 0.43027522935779816 0.09837299311926608 0.04587155963302756
1 0.6466814793577975 0.3908256880733946 0.1677178899082568 0.24587155963302748
3 0.263671875 0.34403669724770647 0.06289420871559631 0.05321100917431196
0 0.31124569954128445 0.30642201834862387 0.03547878440366979 0.02935779816513765
0 0.23141843463302753 0.29724770642201837 0.04354214449541281 0.04036697247706421
2 0.2620592029816514 0.4027522935779817 0.0983729931192661 0.04220183486238532
1 0.27334790711009177 0.353211009174312 0.17578125000000003 0.25137614678899084
