0 0.5023486238532111 0.27706422018348625 0.022740061162079498 0.025688073394495418
0 0.5483455657492355 0.26330275229357797 0.02997553516819572 0.023853211009174303
0 0.8145076452599389 0.1981651376146789 0.039278287461773684 0.018348623853211024
0 0.7654097859327217 0.19357798165137616 0.03204281345565732 0.023853211009174303
3 0.5266391437308868 0.30091743119266057 0.02997553516819572 0.047706422018348606
3 0.7834984709480124 0.2284403669724771 0.028941896024464883 0.053211009174311916
2 0.7855657492354741 0.29082568807339454 0.04754740061162081 0.04954128440366972
2 0.5323241590214067 0.3541284403669725 0.04754740061162089 0.04036697247706421
1 0.5343914373088685 0.29174311926605506 0.10129663608562688 0.23853211009174313
1 0.7902171253822631 0.2211009174311927 0.09406116207951072 0.26972477064220185
