3 0.10591916976489153 0.5155963302752293 0.075427287559847 0.09174311926605505
0 0.05496562976435659 0.43394495412844036 0.06018134645732473 0.07155963302752291
0 0.14403402252119724 0.3908256880733946 0.05536683874073875 0.06972477064220178
0 0.32538047984593577 0.3660550458715596 0.04734265921309543 0.07889908256880737
0 0.425682723941477 0.4036697247706422 0.048947495118624146 0.06605504587155962
3 0.36108807874394844 0.45412844036697253 0.0609837644100891 0.17064220183486242
3 0.6078315992189798 0.473394495412844 0.05536683874073869 0.16513761467889906
0 0.5564768502420628 0.4 0.0553668387407388 0.06972477064220187
0 0.6519645866210181 0.3853211009174312 0.053762002835210154 0.04403669724770637
0 0.8297001631583172 0.43486238532110094 0.04814507716585993 0.05504587155963307
0 0.9235830636317438 0.4027522935779817 0.0577740925990318 0.06422018348623858
3 0.8850670018990558 0.4990825688073394 0.0690079439377324 0.16146788990825692
2 0.8946960173322277 0.6293577981651376 0.10431433385936288 0.10642201834862383
2 0.6078315992189798 0.6091743119266055 0.09227806456789793 0.09541284403669728
2 0.35547115307459815 0.5871559633027522 0.1107336774814775 0.1211009174311927
2 0.12638082756038196 0.6357798165137614 0.10511675181212723 0.10091743119266056
1 0.111937304410624 0.4568807339449542 0.21103592157701873 0.6275229357798165
1 0.3667050044132988 0.4458715596330273 0.184556129135796 0.6091743119266052
1 0.6230775403215021 0.46788990825688087 0.19017305480514612 0.6201834862385324
1 0.8830609570171449 0.49633027522935774 0.19819723433278938 0.5706422018348624
