3 0.3504587155963303 0.5385321100917426 0.038532110091743024 0.12660550458715591
3 0.5004587155963303 0.6357798165137615 0.04862385321100916 0.08990825688073385
0 0.5270642201834863 0.5972477064220183 0.041284403669724766 0.03486238532110086
2 0.5100917431192661 0.7183486238532112 0.06238532110091739 0.05321100917431196
0 0.4688073394495413 0.6302752293577981 0.03853211009174316 0.04587155963302756
0 0.3853211009174312 0.5247706422018349 0.02935779816513758 0.055045871559632926
0 0.32293577981651383 0.5009174311926605 0.022018348623853184 0.06605504587155962
2 0.34174311926605505 0.6458715596330277 0.05963302752293572 0.11743119266055047
1 0.5091743119266056 0.6440366972477065 0.14128440366972478 0.3045871559633029
1 0.34954128440366966 0.5798165137614678 0.11192660550458716 0.3449541284403672
