3 0.23730886850152907 0.3926605504587156 0.07584097859327216 0.1211009174311927
3 0.7162079510703364 0.43669724770642204 0.07951070336391453 0.12110091743119268
0 0.6568807339449542 0.3788990825688073 0.06605504587155962 0.04220183486238532
0 0.7865443425076453 0.3871559633027523 0.07584097859327216 0.05504587155963307
0 0.2978593272171253 0.3422018348623853 0.06972477064220182 0.04587155963302749
0 0.16452599388379205 0.3376146788990826 0.09418960244648318 0.05871559633027523
2 0.2311926605504587 0.5357798165137615 0.1198776758409786 0.11009174311926608
2 0.7204892966360856 0.5577981651376147 0.12232415902140673 0.08440366972477065
1 0.7394495412844038 0.41834862385321103 0.24587155963302762 0.4880733944954128
1 0.22507645259938833 0.4201834862385321 0.24464831804281334 0.5357798165137614
