3 0.543256880733945 0.23119266055045873 0.04174311926605512 0.07339449541284403
3 0.4007339449541284 0.20550458715596331 0.038165137614678886 0.08440366972477065
0 0.3715137614678899 0.16422018348623854 0.02981651376146786 0.04220183486238532
0 0.42995412844036696 0.17889908256880738 0.02981651376146793 0.03853211009174313
0 0.5033027522935779 0.2238532110091743 0.028623853211009163 0.04036697247706424
0 0.559954128440367 0.19082568807339448 0.03220183486238533 0.022018348623853223
2 0.5539908256880735 0.29449541284403674 0.05605504587155961 0.0568807339449541
2 0.3911926605504587 0.26788990825688075 0.062018348623853185 0.044036697247706445
1 0.3876146788990825 0.20642201834862392 0.11926605504587158 0.2660550458715597
1 0.5456422018348625 0.23394495412844038 0.14669724770642198 0.2550458715596331
