3 0.17045200268516447 0.28440366972477066 0.09230252852987246 0.0770642201834863
0 0.10768628328485118 0.22660550458715598 0.06030431863951666 0.03486238532110093
0 0.20245021257552026 0.2238532110091743 0.07507272320429624 0.044036697247706404
0 0.4504363392257775 0.21559633027522934 0.07384202282389793 0.045871559633027525
0 0.5550458715596329 0.23853211009174316 0.07384202282389801 0.06238532110091743
3 0.5039718057731035 0.2834862385321101 0.07507272320429614 0.08623853211009173
3 0.8436451107630342 0.29449541284403674 0.07999552472588946 0.07889908256880734
0 0.7845714925039158 0.22018348623853215 0.06522712016110986 0.04770642201834864
0 0.8799507719847839 0.2119266055045872 0.06645782054150814 0.07155963302752294
0 0.8879503244573729 0.7339449541284404 0.05045871559633014 0.055045871559632926
0 0.7968784963078988 0.7266055045871559 0.05538151711792352 0.0587155963302753
3 0.8393376594316402 0.7825688073394496 0.06153501901991504 0.13027522935779814
3 0.5039718057731035 0.7853211009174312 0.05784291787872 0.12477064220183479
0 0.4559744909375699 0.7211009174311926 0.05045871559633021 0.06605504587155962
0 0.5501230700380397 0.7256880733944954 0.0566122174983218 0.06055045871559642
0 0.22521816961288876 0.7137614678899082 0.06153501901991497 0.06605504587155962
0 0.11937793689863505 0.7119266055045873 0.061535019019914955 0.06605504587155962
3 0.17168270306556274 0.7495412844036697 0.07014992168270308 0.15596330275229348
2 0.1673752517341687 0.8788990825688073 0.09845603043186393 0.09541284403669721
2 0.5045871559633027 0.8908256880733945 0.10337883195345725 0.06055045871559642
2 0.8350302081002461 0.8871559633027524 0.10460953233385538 0.08623853211009162
2 0.8442604609532333 0.3880733944954129 0.09599462967106717 0.06788990825688074
2 0.4953569031103155 0.37522935779816513 0.1390691429850078 0.08256880733944953
2 0.17660550458715593 0.3706422018348624 0.13660774222421124 0.08073394495412849
1 0.15876034907138062 0.26422018348623855 0.1993734616245245 0.41834862385321103
1 0.5027411053927052 0.30366972477064225 0.19321995972253297 0.3431192660550459
1 0.8387223092414411 0.31467889908256885 0.20306556276571952 0.3871559633027523
1 0.8436451107630342 0.8247706422018348 0.19075855896173635 0.3504587155963303
1 0.49412620272991714 0.8100917431192661 0.21291116580890573 0.37981651376146786
1 0.16675990154396955 0.8064220183486239 0.22275676885209222 0.36880733944954136
