3 0.25137525086009177 0.5688073394495413 0.08668112098623855 0.16146788990825683
3 0.7570151232798165 0.5853211009174312 0.09708285550458698 0.17247706422018352
0 0.6801578626720183 0.47064220183486244 0.08668112098623851 0.08623853211009176
0 0.8379175028669724 0.4651376146788991 0.08090237958715604 0.07522935779816514
0 0.1808746057912844 0.47889908256880737 0.0843696244266055 0.07706422018348619
0 0.32881038560779813 0.4779816513761468 0.10286159690366972 0.08623853211009176
2 0.25253099913990823 0.7486238532110093 0.13984554185779813 0.110091743119266
2 0.747191262901376 0.7660550458715596 0.14678003153669722 0.12660550458715605
1 0.2600433629587156 0.5330275229357798 0.29818305619266056 0.706422018348624
1 0.7547036267201837 0.5623853211009178 0.3282325114678903 0.7027522935779822
