3 0.8015727391874181 0.3688073394495413 0.07444298820445595 0.15045871559633028
0 0.7480996068152033 0.27155963302752295 0.0744429882044561 0.08440366972477065
0 0.8749672346002622 0.3155963302752294 0.07024901703800794 0.08440366972477062
2 0.7916120576671035 0.5027522935779817 0.09855832241153337 0.11743119266055047
1 0.7968545216251638 0.35321100917431186 0.2579292267365662 0.5522935779816514
3 0.163564875491481 0.289908256880734 0.06500655307994757 0.1174311926605505
0 0.11585845347313238 0.3073394495412844 0.05976408912188729 0.06788990825688071
0 0.1871559633027523 0.2073394495412844 0.061861074705111395 0.08073394495412846
2 0.20026212319790304 0.3908256880733946 0.07339449541284405 0.05871559633027523
1 0.16041939711664482 0.2889908256880734 0.22018348623853215 0.3944954128440367
