3 0.24159021406727826 0.31467889908256885 0.06238532110091739 0.12660550458715597
3 0.7418960244648318 0.4238532110091744 0.07706422018348663 0.17247706422018347
0 0.18899082568807338 0.25321100917431194 0.05749235474006117 0.05871559633027523
0 0.29480122324159025 0.2743119266055046 0.05382262996941897 0.06788990825688071
0 0.6850152905198778 0.33669724770642206 0.06850152905198784 0.0752293577981651
0 0.8226299694189604 0.3550458715596331 0.08685015290519871 0.07889908256880734
2 0.2330275229357798 0.43302752293577984 0.09418960244648318 0.09541284403669728
2 0.7321100917431193 0.5678899082568808 0.13822629969418954 0.0935779816513761
1 0.7486238532110092 0.41651376146788993 0.23486238532110085 0.5651376146788991
1 0.23425076452599392 0.32660550458715604 0.1847094801223242 0.4256880733944955
