3 0.27522935779816515 0.6018348623853211 0.07863695937090434 0.13577981651376148
0 0.21166448230668414 0.4935779816513762 0.0694626474442988 0.06972477064220187
0 0.33355176933158587 0.4954128440366972 0.07994757536041938 0.05871559633027523
2 0.272608125819135 0.7192660550458716 0.11533420707732639 0.0733944954128441
2 0.7077326343381389 0.7119266055045873 0.11533420707732646 0.06605504587155962
0 0.6494102228047183 0.5 0.06946264744429882 0.05321100917431181
0 0.7739187418086502 0.5064220183486239 0.06422018348623865 0.055045871559633
3 0.7162516382699868 0.6238532110091742 0.07994757536041945 0.07706422018348626
1 0.7208387942332897 0.5743119266055047 0.27522935779816504 0.5871559633027523
3 0.2712975098296199 0.5660550458715596 0.3014416775884666 0.563302752293578
