3 0.14438218398051153 0.30000000000000004 0.03426017924961293 0.07889908256880737
3 0.38420343872780177 0.30733944954128445 0.04404880189235946 0.06422018348623858
3 0.6356486828633536 0.3055045871559633 0.03793091274064281 0.07155963302752291
3 0.882811404592704 0.3018348623853211 0.030589445758582915 0.05688073394495412
3 0.8791406711016739 0.8128440366972478 0.03303660141926954 0.06238532110091754
3 0.6264718491357789 0.814678899082569 0.03426017924961293 0.0587155963302753
3 0.38481522764297355 0.8155963302752295 0.042825224062016144 0.05688073394495419
3 0.13948787265913823 0.8119266055045873 0.031813023588926244 0.05321100917431196
0 0.10706306015504032 0.7752293577981653 0.04037806840132948 0.031192660550458554
0 0.16824195167220624 0.7697247706422019 0.042825224062016144 0.03486238532110093
0 0.3548375707995622 0.7724770642201836 0.04404880189235939 0.04036697247706428
0 0.4111221509953548 0.7788990825688074 0.03426017924961286 0.02385321100917423
2 0.3860388054733168 0.8706422018348624 0.06974393632956911 0.04587155963302749
2 0.6350368939481821 0.8706422018348624 0.0562845801957927 0.049541284403669866
2 0.8797524600168455 0.8587155963302753 0.05873173585647919 0.03669724770642205
0 0.13765250591362324 0.8724770642201836 0.05995531368682256 0.03853211009174316
0 0.606282814935114 0.7770642201834863 0.037930912740642884 0.03486238532110079
0 0.6625673951309067 0.7752293577981653 0.04282522406201622 0.027522935779816605
0 0.8528337477492925 0.7844036697247706 0.034260179249613006 0.03853211009174316
0 0.9091183279450852 0.7779816513761467 0.036707334910299635 0.02568807339449535
0 0.9066711722843985 0.2743119266055046 0.034260179249613006 0.03853211009174313
0 0.848551225343091 0.26788990825688075 0.037930912740642954 0.029357798165137616
0 0.6013885036137407 0.2688073394495413 0.03793091274064281 0.04220183486238532
0 0.6662381286219365 0.26697247706422017 0.03548375707995618 0.03486238532110093
0 0.41785182906224305 0.26788990825688075 0.03548375707995625 0.029357798165137616
0 0.35116683730853226 0.2688073394495413 0.04404880189235939 0.031192660550458697
2 0.3823680719822869 0.3596330275229358 0.06729678066888248 0.03669724770642205
2 0.6332015272026671 0.3688073394495413 0.06729678066888255 0.047706422018348606
2 0.8791406711016739 0.36880733944954114 0.06484962500819577 0.04403669724770655
2 0.14009966157430992 0.36513761467889905 0.06484962500819585 0.03669724770642198
0 0.1088984269005553 0.26697247706422017 0.04160164623167281 0.04220183486238532
0 0.1700773184177212 0.2761467889908257 0.031813023588926265 0.031192660550458697
1 0.12296957194950345 0.29633027522935784 0.12602851652536173 0.26238532110091745
1 0.38481522764297355 0.30733944954128445 0.13581713916810834 0.26238532110091745
1 0.627695426966122 0.3119266055045872 0.11991062737364501 0.26788990825688075
1 0.8724109930347856 0.31100917431192665 0.11746347171295853 0.26238532110091745
1 0.14682933964119815 0.8174311926605504 0.12725209435570506 0.24403669724770652
1 0.38787417221883175 0.8155963302752295 0.12480493869501849 0.25137614678899084
1 0.6460490944212719 0.8192660550458716 0.12725209435570506 0.22935779816513757
1 0.8779170932713306 0.808256880733945 0.12113420520398847 0.22568807339449548
