2 0.16561418405418554 0.4 0.08358099008342075 0.07706422018348626
0 0.12227589289981922 0.27155963302752295 0.04230642707926236 0.051376146788990835
0 0.20069756260772015 0.26055045871559634 0.03817897077884652 0.05504587155963304
3 0.1661301160917374 0.306422018348624 0.051593203755197964 0.10275229357798174
1 0.16045486367866568 0.29541284403669726 0.16406638794152964 0.3779816513761468
3 0.4829123871486532 0.3045871559633026 0.05572066005561398 0.11743119266055035
0 0.4390581639567348 0.25321100917431194 0.04643388337967821 0.05504587155963304
0 0.5308940666409874 0.25688073394495414 0.05675252413071767 0.044036697247706404
2 0.4870398434490689 0.4064220183486238 0.08874031045894049 0.056880733944954104
1 0.48858763956172496 0.3064220183486239 0.1743850286925693 0.4146788990825689
0 0.8022743183933286 0.25779816513761467 0.05262506783030205 0.049541284403669755
0 0.8848234444016453 0.27064220183486243 0.044370155229470215 0.049541284403669755
2 0.8352939687966554 0.389908256880734 0.0835809900834208 0.07522935779816514
3 0.8414851532472791 0.31467889908256885 0.04024269892905437 0.0972477064220184
1 0.8399373571346225 0.2981651376146787 0.15684333941580253 0.3541284403669722
