3 0.7813246655266876 0.26803027516176575 0.02808674020758133 0.040230911687811816
0 0.7582534146418886 0.24320694667354142 0.03009293593669426 0.01626356004400904
0 0.8020553547275214 0.24320694667354142 0.025411812568764278 0.012839652666322934
2 0.782327763391244 0.31296905949389603 0.0367802550337376 0.04108688853223334
1 0.7819933974363918 0.27915797413924565 0.09763485881683068 0.16862743835104116
0 0.664630947283284 0.5192594789994844 0.016718297742608145 0.010271722133058247
0 0.6883709300777872 0.5209714326883275 0.014712102013495069 0.013695629510744425
3 0.6753306578385531 0.5303871779769643 0.015380833923199333 0.023967351643802814
2 0.6773368535676658 0.5552105064651887 0.019393225381425197 0.011983675821901442
1 0.6776712195225181 0.5308151663991749 0.04948616131811959 0.09672538341963267
0 0.8746127669304401 0.5166915484662198 0.01538083392319919 0.011983675821901442
0 0.8993558475895 0.5158355716217983 0.0100309786455648 0.01027172213305839
3 0.8879874051245267 0.5239673516438029 0.01671829774260786 0.02824723586591034
2 0.8879874051245266 0.5500746453986594 0.023405616839651203 0.010271722133058247
1 0.8856468434405614 0.5269632705992782 0.053498552776345604 0.0855976844421528
0 0.7706249549714186 0.5868816497087852 0.018724493471720793 0.011983675821901513
0 0.7973742313595915 0.5838857307533099 0.010699710555269207 0.009415745288636899
3 0.7846683250752092 0.5975813602640543 0.022736884929946938 0.029959189554753535
2 0.7876776186688786 0.6241166424411216 0.030092935936694546 0.012839652666322934
1 0.7839995931655049 0.6010052676417403 0.06286079951220615 0.10357319817500489
