0 0.44647383622154263 0.37247706422018356 0.05008324838600067 0.051376146788990835
0 0.5490834182806659 0.3880733944954129 0.05496941896024467 0.03486238532110093
0 0.7060516479782535 0.2908256880733945 0.053747876316683686 0.05688073394495415
0 0.8013319741760108 0.28807339449541286 0.05619096160380565 0.04770642201834864
0 0.24186544342507646 0.4027522935779817 0.05619096160380565 0.05321100917431196
0 0.3389780835881753 0.4146788990825688 0.05008324838600064 0.06238532110091746
3 0.29194869181107724 0.46146788990825677 0.05619096160380565 0.11192660550458701
3 0.4983893985728849 0.43944954128440367 0.056190961603805635 0.1009174311926606
3 0.7573564390078151 0.3504587155963303 0.058634046890927605 0.09541284403669728
2 0.29011637784573563 0.5633027522935781 0.09161569826707439 0.05504587155963307
2 0.4928924566768603 0.536697247706422 0.08184335711858658 0.05321100917431188
2 0.7555241250424737 0.45137614678899085 0.09161569826707434 0.06605504587155962
1 0.27729018008834516 0.440366972477064 0.2003329935440026 0.3999999999999997
1 0.5038863404689093 0.41376146788990825 0.2162130479102956 0.398165137614679
1 0.7530810397553512 0.32477064220183494 0.21376996262317355 0.4146788990825689
