3 0.2620592029816514 0.3412844036697248 0.06611955275229359 0.06605504587155962
3 0.6345864392201835 0.35596330275229365 0.04999283256880723 0.06238532110091746
0 0.3128583715596331 0.30275229357798167 0.04838016055045873 0.029357798165137616
0 0.682160263761468 0.3330275229357798 0.04838016055045855 0.04587155963302756
0 0.5934633027522936 0.3174311926605505 0.038704128440367 0.025688073394495456
0 0.22658041857798167 0.30458715596330277 0.049992832568807336 0.022018348623853223
2 0.263671875 0.4027522935779817 0.08869696100917433 0.04954128440366972
2 0.6337801032110092 0.43027522935779816 0.0870842889908257 0.038532110091743094
1 0.645875143348624 0.363302752293578 0.19835865825688073 0.27889908256880735
1 0.28221760321100925 0.3614678899082569 0.18384461009174313 0.24220183486238533
