3 0.19172233371559633 0.2211009174311927 0.05064363532110093 0.09724770642201835
3 0.4961009174311926 0.21009174311926607 0.06614678899082563 0.06788990825688074
3 0.8221839162844036 0.22385321100917432 0.060979071100917395 0.11009174311926608
3 0.8366535263761469 0.7238532110091742 0.07544868119266071 0.13027522935779828
3 0.421169008027523 0.7403669724770643 0.06304615825688081 0.11559633027522935
3 0.11110593463302752 0.7256880733944954 0.05477780963302752 0.11559633027522935
0 0.07596545298165137 0.6752293577981652 0.032039850917431195 0.051376146788990835
0 0.16019925458715598 0.6587155963302752 0.06614678899082566 0.02935779816513758
0 0.38861238532110093 0.6495412844036698 0.03927465596330272 0.055045871559633
0 0.47129587155963293 0.671559633027523 0.05787844036697244 0.05504587155963307
0 0.7844595756880733 0.6587155963302752 0.05581135321100916 0.047706422018348606
0 0.8888474770642202 0.6614678899082569 0.06614678899082563 0.04954128440366979
0 0.8785120412844037 0.1834862385321101 0.05581135321100916 0.03669724770642201
0 0.8046136754587155 0.15871559633027524 0.038241112385321116 0.04587155963302754
0 0.5400265194954129 0.12935779816513762 0.06304615825688074 0.03853211009174311
0 0.4454572821100917 0.14495412844036698 0.05581135321100916 0.04770642201834864
0 0.2273795871559633 0.15137614678899083 0.049610091743119256 0.04954128440366972
0 0.14624641628440366 0.15871559633027524 0.0568448967889908 0.05688073394495412
2 0.17983658256880733 0.3128440366972477 0.09095183486238531 0.07155963302752291
2 0.49403383027522935 0.29357798165137616 0.0930189220183486 0.06605504587155962
2 0.8216671444954128 0.3357798165137615 0.06821387614678898 0.08440366972477065
2 0.8340696674311926 0.8467889908256881 0.11162270642201833 0.07155963302752283
2 0.43408830275229354 0.8339449541284404 0.07028096330275233 0.06055045871559628
2 0.12557554472477064 0.8330275229357799 0.09611955275229357 0.0587155963302753
1 0.18448752866972476 0.24036697247706423 0.1684676032110092 0.35596330275229365
1 0.506953125 0.22568807339449545 0.2036080848623854 0.4073394495412845
1 0.8469889621559632 0.27247706422018353 0.13746129587155964 0.4055045871559633
1 0.1426290137614679 0.7467889908256881 0.17570240825688074 0.40733944954128437
1 0.45320885894495416 0.7330275229357798 0.18707138761467895 0.41651376146789
1 0.8402709288990826 0.7614678899082569 0.18190366972477065 0.38532110091743116
