3 0.31047867843757293 0.24002356171494896 0.008957054887047632 0.018392890871867528
3 0.49221260785635496 0.2304734068391715 0.01037132671131829 0.019100309751554755
3 0.692096359019944 0.24285323723369778 0.011314174594165394 0.018392890871867528
0 0.6817250323086257 0.23047340683917156 0.010371326711318147 0.013440958714057061
0 0.7003462779948564 0.23118082571885878 0.007071359121353283 0.010611283195308196
0 0.49951967894842014 0.22304550860245576 0.011785598535588946 0.008489026556246592
0 0.4801912973500542 0.22516776524151744 0.011785598535589017 0.012733539834369836
0 0.3203785812074677 0.23224195403838963 0.010842750652741841 0.007074188796872178
0 0.3001073517262547 0.23401050123760764 0.010842750652741878 0.010611283195308232
2 0.31118581434970827 0.2598312903461909 0.017914109774095265 0.011318702074995421
2 0.49339116770991387 0.25063484491025717 0.017442685832671712 0.009903864315621007
2 0.6916249350785205 0.26018499978603454 0.013199870359859603 0.009196445435933781
1 0.6902106632542498 0.2368401767563565 0.034885371665343425 0.08276800892340397
1 0.4903269120906608 0.2340105012376076 0.03959961107957895 0.06578995581091089
1 0.3109501023789965 0.24143839947432333 0.03535679560676698 0.06791221244997246
