3 0.13757822467950676 0.22385321100917432 0.04316179597788448 0.06972477064220188
3 0.38036332705510645 0.22018348623853215 0.03776657148064884 0.06605504587155957
3 0.6305668631144056 0.23027522935779818 0.04181298985357557 0.06422018348623851
3 0.8740263685521602 0.22752293577981653 0.04316179597788448 0.06605504587155961
3 0.8652591287441522 0.7137614678899084 0.03911537760495776 0.06972477064220171
3 0.6238228324928611 0.7110091743119266 0.03911537760495769 0.07522935779816521
3 0.37834011786864336 0.7055045871559632 0.03641776535634001 0.06422018348623858
3 0.13960143386596996 0.7064220183486237 0.044510602102193306 0.0660550458715597
0 0.10318366850963001 0.6816513761467888 0.03372015310772222 0.04220183486238542
0 0.17467039309800111 0.6862385321100918 0.03641776535634 0.03302752293577981
0 0.3466431739473843 0.6770642201834862 0.035068959232031106 0.02568807339449535
0 0.4113858679142111 0.6733944954128441 0.04046418372926666 0.02568807339449535
0 0.5928002916337567 0.6788990825688075 0.033720153107722195 0.029357798165137724
0 0.656868582538429 0.6779816513761467 0.035068959232031176 0.03853211009174316
0 0.8301901695121211 0.6779816513761469 0.04181298985357557 0.03119266055045884
0 0.8962816696032567 0.6798165137614679 0.031022540859104452 0.031192660550458697
0 0.8362597970715112 0.20275229357798166 0.04046418372926666 0.0275229357798165
0 0.9010024910383378 0.1981651376146789 0.03237134698341336 0.025688073394495418
0 0.6656358223464367 0.19908256880733943 0.03911537760495776 0.03119266055045873
0 0.5921258885716022 0.1944954128440367 0.04585940822650229 0.04036697247706424
0 0.4113858679142111 0.18990825688073396 0.035068959232031176 0.03486238532110093
0 0.3446199647609211 0.1926605504587156 0.047208214350811135 0.04036697247706421
0 0.17332158697369224 0.2018348623853211 0.052603438848046656 0.025688073394495418
0 0.09846284707454889 0.19908256880733943 0.04585940822650222 0.0275229357798165
2 0.1348806124308889 0.29724770642201837 0.09441642870162222 0.044036697247706445
2 0.3830609393037245 0.29541284403669726 0.07013791846406221 0.03302752293577981
2 0.6278692508657877 0.2972477064220183 0.07148672458837117 0.044036697247706445
2 0.866607934868461 0.29724770642201837 0.07957956133422456 0.03302752293577981
2 0.8632359195576891 0.7862385321100916 0.0539522449723556 0.05688073394495419
2 0.6244972355550156 0.7807339449541285 0.07013791846406221 0.042201834862385254
2 0.37968892399295223 0.7724770642201836 0.07148672458837112 0.04036697247706428
2 0.13555501549304333 0.7770642201834863 0.06339388784251777 0.04587155963302749
1 0.1382526277416611 0.7256880733944954 0.15511270429552224 0.28440366972477066
1 0.37834011786864336 0.7238532110091743 0.1605079287927578 0.26238532110091745
1 0.6211252202442433 0.7165137614678898 0.1416246430524336 0.2587155963302753
1 0.8612127103712257 0.7266055045871559 0.15511270429552226 0.28623853211009176
1 0.8773983838629323 0.2394495412844037 0.15241509204690445 0.2660550458715597
1 0.6305668631144056 0.23944954128440368 0.1308341940579623 0.26238532110091745
1 0.38036332705510667 0.23669724770642206 0.15106628592259555 0.26055045871559634
1 0.13690382161735223 0.24954128440366977 0.15241509204690445 0.27889908256880735
