3 0.13899082568807342 0.26605504587155965 0.041284403669724766 0.08440366972477062
3 0.3908256880733946 0.3311926605504587 0.027522935779816553 0.05321100917431196
3 0.5711009174311927 0.25045871559633026 0.041284403669724766 0.045871559633027525
3 0.8759174311926605 0.26422018348623855 0.042660550458715536 0.04036697247706421
3 0.6557339449541284 0.5211009174311927 0.023394495412844094 0.044036697247706445
3 0.5325688073394496 0.6605504587155963 0.041284403669724835 0.051376146788990835
3 0.2848623853211009 0.6412844036697248 0.035779816513761456 0.05688073394495419
0 0.10252293577981654 0.2376146788990826 0.03990825688073395 0.03119266055045873
0 0.16926605504587158 0.24587155963302756 0.04678899082568808 0.014678899082568826
0 0.35986238532110093 0.30733944954128445 0.03165137614678898 0.023853211009174303
0 0.4107798165137615 0.3100917431192661 0.028899082568807372 0.022018348623853223
0 0.5428899082568805 0.23669724770642198 0.034403669724770644 0.025688073394495282
0 0.5910550458715597 0.2238532110091743 0.02614678899082584 0.014678899082568826
0 0.8628440366972479 0.22752293577981653 0.02477064220183465 0.022018348623853223
0 0.9130733944954129 0.244954128440367 0.03440366972477051 0.03119266055045873
0 0.6853211009174313 0.4981651376146789 0.027522935779816463 0.023853211009174303
0 0.6488532110091744 0.48715596330275235 0.020642201834862418 0.023853211009174303
0 0.5587155963302752 0.6266055045871559 0.03027522935779814 0.027522935779816394
0 0.4961009174311927 0.6321100917431193 0.037155963302752254 0.02385321100917423
0 0.3075688073394495 0.6027522935779817 0.03165137614678898 0.031192660550458697
0 0.24013761467889908 0.6091743119266055 0.04541284403669724 0.03302752293577981
