3 0.771330275229358 0.4697247706422014 0.08119266055045916 0.13944954128440348
0 0.8373853211009173 0.4091743119266055 0.0646788990825688 0.051376146788990835
0 0.6997706422018348 0.3926605504587157 0.07018348623853214 0.07339449541284403
2 0.7678899082568807 0.5788990825688073 0.15963302752293573 0.0825688073394496
1 0.7596330275229358 0.4605504587155963 0.25871559633027524 0.528440366972477
0 0.29243119266055045 0.443119266055046 0.08394495412844037 0.07522935779816514
0 0.1610091743119266 0.44311926605504587 0.08256880733944952 0.07155963302752298
2 0.2311926605504587 0.6192660550458716 0.1513761467889908 0.08990825688073394
3 0.22706422018348627 0.49174311926605496 0.0963302752293578 0.13577981651376142
1 0.22431192660550459 0.5064220183486239 0.26972477064220185 0.5211009174311927
