3 0.2007454128440367 0.23486238532110093 0.08772935779816514 0.19082568807339453
3 0.5170871559633028 0.21743119266055047 0.1052752293577982 0.22568807339449545
3 0.8427178899082568 0.21559633027522934 0.11456422018348633 0.2330275229357798
3 0.8184633027522935 0.7091743119266056 0.12178899082568805 0.3211009174311927
3 0.49438073394495413 0.7238532110091742 0.09701834862385325 0.24403669724770638
3 0.17236238532110093 0.7128440366972477 0.0928899082568807 0.2587155963302752
0 0.10940366972477066 0.10183486238532112 0.09701834862385321 0.10091743119266056
0 0.2771215596330275 0.11559633027522938 0.10011467889908257 0.09908256880733948
0 0.41852064220183477 0.09174311926605505 0.11456422018348626 0.12844036697247707
0 0.6037844036697247 0.0944954128440367 0.11559633027522942 0.15229357798165138
0 0.7539564220183486 0.0798165137614679 0.10217889908256893 0.10091743119266056
0 0.9325114678899082 0.10183486238532112 0.09805045871559628 0.15229357798165138
0 0.9227064220183486 0.5871559633027523 0.11972477064220186 0.11009174311926608
0 0.719380733944954 0.5761467889908257 0.10527522935779814 0.11743119266055048
0 0.5831422018348624 0.5834862385321101 0.1073394495412844 0.09174311926605505
0 0.39581422018348617 0.5779816513761468 0.10630733944954124 0.09908256880733944
0 0.24409403669724766 0.5779816513761468 0.10011467889908257 0.08073394495412849
0 0.07998853211009174 0.5880733944954128 0.0959862385321101 0.09357798165137617
2 0.16771788990825687 0.9440366972477066 0.18474770642201832 0.11192660550458712
2 0.48509174311926606 0.9431192660550459 0.1672018348623854 0.11376146788990824
2 0.8060779816513761 0.9495412844036697 0.1816513761467891 0.10091743119266056
2 0.8349770642201836 0.42201834862385323 0.1630733944954129 0.13577981651376148
2 0.5093463302752294 0.43577981651376146 0.17855504587155963 0.10825688073394503
2 0.18526376146788992 0.4256880733944955 0.14759174311926607 0.12477064220183486
1 0.18784403669724775 0.25137614678899084 0.284862385321101 0.4733944954128441
1 0.5005733944954129 0.24862385321100916 0.3199541284403671 0.47522935779816516
1 0.8385894495412844 0.25596330275229356 0.3065366972477064 0.4715596330275229
1 0.16978211009174313 0.7532110091743119 0.29827981651376145 0.4935779816513761
1 0.5010894495412844 0.7486238532110092 0.3189220183486239 0.5027522935779816
1 0.8241399082568808 0.7486238532110092 0.3168577981651376 0.5027522935779816
