3 0.2330275229357798 0.38165137614678907 0.07217125382262995 0.1504587155963303
3 0.7119266055045873 0.4302752293577982 0.06360856269113142 0.11926605504587158
0 0.6599388379204894 0.3834862385321101 0.057492354740061064 0.047706422018348606
0 0.7847094801223241 0.3889908256880734 0.0672782874617738 0.051376146788990835
0 0.3003058103975535 0.3504587155963303 0.06483180428134552 0.055045871559633
0 0.17125382262996944 0.3412844036697248 0.07094801223241591 0.07339449541284405
2 0.23363914373088682 0.5321100917431193 0.11743119266055047 0.12110091743119263
2 0.7174311926605504 0.5559633027522937 0.11131498470948004 0.07706422018348626
1 0.730275229357798 0.4733944954128441 0.22507645259938852 0.45871559633027525
1 0.2311926605504587 0.43486238532110094 0.26666666666666666 0.48073394495412847
